  1.0000000e+000  6.7800000e+002  6.1000000e+002
  2.0000000e+000  7.0400000e+002  5.9600000e+002
  3.0000000e+000  7.3800000e+002  6.1000000e+002
  4.0000000e+000  7.7900000e+002  6.0200000e+002
  5.0000000e+000  8.3600000e+002  5.8400000e+002
  6.0000000e+000  8.9500000e+002  6.0500000e+002
  7.0000000e+000  7.6100000e+002  6.4500000e+002
  8.0000000e+000  7.5000000e+002  7.2000000e+002
  9.0000000e+000  7.3000000e+002  7.4000000e+002
  1.0000000e+001  7.9300000e+002  7.4000000e+002
  1.1000000e+001  6.9800000e+002  6.4900000e+002
  1.2000000e+001  7.0900000e+002  6.3900000e+002
  1.3000000e+001  7.2500000e+002  6.4000000e+002
  1.4000000e+001  7.3800000e+002  6.5200000e+002
  1.5000000e+001  7.2400000e+002  6.5600000e+002
  1.6000000e+001  7.0900000e+002  6.5500000e+002
  1.7000000e+001  8.1100000e+002  6.4600000e+002
  1.8000000e+001  8.2500000e+002  6.3200000e+002
  1.9000000e+001  8.4300000e+002  6.3100000e+002
  2.0000000e+001  8.6100000e+002  6.4000000e+002
  2.1000000e+001  8.4500000e+002  6.4700000e+002
  2.2000000e+001  8.2800000e+002  6.4800000e+002
  2.3000000e+001  7.2300000e+002  7.9600000e+002
  2.4000000e+001  7.4600000e+002  7.7500000e+002
  2.5000000e+001  7.5900000e+002  7.7900000e+002
  2.6000000e+001  7.7700000e+002  7.7500000e+002
  2.7000000e+001  8.2600000e+002  7.9400000e+002
  2.8000000e+001  7.7900000e+002  8.1600000e+002
  2.9000000e+001  7.5900000e+002  8.1800000e+002
  3.0000000e+001  7.4400000e+002  8.1700000e+002
