  1.0000000e+000  1.3700000e+003  7.2600000e+002
  2.0000000e+000  1.4390000e+003  7.0000000e+002
  3.0000000e+000  1.5120000e+003  7.2300000e+002
  4.0000000e+000  1.5700000e+003  7.1900000e+002
  5.0000000e+000  1.6140000e+003  7.0500000e+002
  6.0000000e+000  1.6440000e+003  7.3800000e+002
  7.0000000e+000  1.5360000e+003  7.6600000e+002
  8.0000000e+000  1.5480000e+003  8.5800000e+002
  9.0000000e+000  1.4880000e+003  8.8100000e+002
  1.0000000e+001  1.5750000e+003  8.8100000e+002
  1.1000000e+001  1.4140000e+003  7.6000000e+002
  1.2000000e+001  1.4360000e+003  7.5100000e+002
  1.3000000e+001  1.4570000e+003  7.5300000e+002
  1.4000000e+001  1.4720000e+003  7.7000000e+002
  1.5000000e+001  1.4540000e+003  7.7200000e+002
  1.6000000e+001  1.4340000e+003  7.7000000e+002
  1.7000000e+001  1.5640000e+003  7.7100000e+002
  1.8000000e+001  1.5830000e+003  7.5700000e+002
  1.9000000e+001  1.6030000e+003  7.5600000e+002
  2.0000000e+001  1.6170000e+003  7.6700000e+002
  2.1000000e+001  1.6030000e+003  7.7500000e+002
  2.2000000e+001  1.5840000e+003  7.7500000e+002
  2.3000000e+001  1.4560000e+003  9.4000000e+002
  2.4000000e+001  1.5160000e+003  9.2100000e+002
  2.5000000e+001  1.5360000e+003  9.2900000e+002
  2.6000000e+001  1.5520000e+003  9.2300000e+002
  2.7000000e+001  1.5840000e+003  9.4500000e+002
  2.8000000e+001  1.5540000e+003  9.7200000e+002
  2.9000000e+001  1.5360000e+003  9.7300000e+002
  3.0000000e+001  1.5140000e+003  9.7000000e+002
