  1.0000000e+000  1.0070000e+003  6.4600000e+002
  2.0000000e+000  9.0900000e+002  6.6100000e+002
  3.0000000e+000  1.0070000e+003  7.1500000e+002
  4.0000000e+000  9.0900000e+002  7.2800000e+002
  5.0000000e+000  1.0080000e+003  7.8500000e+002
  6.0000000e+000  9.0900000e+002  7.9600000e+002
  7.0000000e+000  1.2230000e+003  6.0900000e+002
  8.0000000e+000  1.1100000e+003  6.2700000e+002
  9.0000000e+000  1.2260000e+003  6.8300000e+002
  1.0000000e+001  1.1120000e+003  6.9800000e+002
  1.1000000e+001  1.2290000e+003  7.5700000e+002
  1.2000000e+001  1.1140000e+003  7.7100000e+002
  1.3000000e+001  1.0110000e+003  9.5300000e+002
  1.4000000e+001  9.0900000e+002  9.5900000e+002
  1.5000000e+001  1.0110000e+003  1.0270000e+003
  1.6000000e+001  9.0900000e+002  1.0310000e+003
  1.7000000e+001  1.0120000e+003  1.1030000e+003
  1.8000000e+001  9.0800000e+002  1.1040000e+003
  1.9000000e+001  1.2360000e+003  9.3800000e+002
  2.0000000e+001  1.1190000e+003  9.4600000e+002
  2.1000000e+001  1.2400000e+003  1.0180000e+003
  2.2000000e+001  1.1200000e+003  1.0230000e+003
  2.3000000e+001  1.2430000e+003  1.0990000e+003
  2.4000000e+001  1.1210000e+003  1.1010000e+003
  2.5000000e+001  1.3690000e+003  6.4300000e+002
  2.6000000e+001  1.3270000e+003  6.1500000e+002
  2.7000000e+001  1.3710000e+003  7.1200000e+002
  2.8000000e+001  1.3310000e+003  6.8800000e+002
  2.9000000e+001  1.3760000e+003  7.8100000e+002
  3.0000000e+001  1.3340000e+003  7.6100000e+002
  3.1000000e+001  1.4380000e+003  6.9000000e+002
  3.2000000e+001  1.4050000e+003  6.6800000e+002
  3.3000000e+001  1.4420000e+003  7.5100000e+002
  3.4000000e+001  1.4090000e+003  7.3500000e+002
  3.5000000e+001  1.4470000e+003  8.1500000e+002
  3.6000000e+001  1.4130000e+003  8.0000000e+002
  3.7000000e+001  1.3890000e+003  9.4700000e+002
  3.8000000e+001  1.3460000e+003  9.3800000e+002
  3.9000000e+001  1.3940000e+003  1.0210000e+003
  4.0000000e+001  1.3500000e+003  1.0160000e+003
  4.1000000e+001  1.3990000e+003  1.0960000e+003
  4.2000000e+001  1.3550000e+003  1.0950000e+003
  4.3000000e+001  1.4580000e+003  9.6500000e+002
  4.4000000e+001  1.4260000e+003  9.5600000e+002
  4.5000000e+001  1.4620000e+003  1.0300000e+003
  4.6000000e+001  1.4310000e+003  1.0240000e+003
  4.7000000e+001  1.4690000e+003  1.0980000e+003
  4.8000000e+001  1.4350000e+003  1.0960000e+003
