  1.0000000e+000  1.0260000e+003  5.4900000e+002
  2.0000000e+000  9.7500000e+002  5.7200000e+002
  3.0000000e+000  1.0260000e+003  6.1200000e+002
  4.0000000e+000  9.7500000e+002  6.3200000e+002
  5.0000000e+000  1.0270000e+003  6.7500000e+002
  6.0000000e+000  9.7500000e+002  6.9300000e+002
  7.0000000e+000  1.1460000e+003  4.9200000e+002
  8.0000000e+000  1.0810000e+003  5.2200000e+002
  9.0000000e+000  1.1470000e+003  5.6300000e+002
  1.0000000e+001  1.0810000e+003  5.8900000e+002
  1.1000000e+001  1.1480000e+003  6.3400000e+002
  1.2000000e+001  1.0830000e+003  6.5500000e+002
  1.3000000e+001  1.0290000e+003  8.2600000e+002
  1.4000000e+001  9.7600000e+002  8.3600000e+002
  1.5000000e+001  1.0290000e+003  8.9200000e+002
  1.6000000e+001  9.7700000e+002  8.9800000e+002
  1.7000000e+001  1.0300000e+003  9.5900000e+002
  1.8000000e+001  9.7700000e+002  9.6200000e+002
  1.9000000e+001  1.1520000e+003  8.0200000e+002
  2.0000000e+001  1.0870000e+003  8.1500000e+002
  2.1000000e+001  1.1540000e+003  8.7600000e+002
  2.2000000e+001  1.0860000e+003  8.8500000e+002
  2.3000000e+001  1.1550000e+003  9.5000000e+002
  2.4000000e+001  1.0870000e+003  9.5500000e+002
  2.5000000e+001  1.3520000e+003  4.9900000e+002
  2.6000000e+001  1.2580000e+003  4.8200000e+002
  2.7000000e+001  1.3540000e+003  5.6800000e+002
  2.8000000e+001  1.2600000e+003  5.5300000e+002
  2.9000000e+001  1.3570000e+003  6.3700000e+002
  3.0000000e+001  1.2610000e+003  6.2500000e+002
  3.1000000e+001  1.5240000e+003  5.3000000e+002
  3.2000000e+001  1.4410000e+003  5.1500000e+002
  3.3000000e+001  1.5280000e+003  5.9400000e+002
  3.4000000e+001  1.4430000e+003  5.8200000e+002
  3.5000000e+001  1.5310000e+003  6.5900000e+002
  3.6000000e+001  1.4460000e+003  6.4900000e+002
  3.7000000e+001  1.3660000e+003  8.0200000e+002
  3.8000000e+001  1.2690000e+003  7.9700000e+002
  3.9000000e+001  1.3690000e+003  8.7400000e+002
  4.0000000e+001  1.2710000e+003  8.7000000e+002
  4.1000000e+001  1.3720000e+003  9.4700000e+002
  4.2000000e+001  1.2740000e+003  9.4600000e+002
  4.3000000e+001  1.5400000e+003  8.1400000e+002
  4.4000000e+001  1.4560000e+003  8.0800000e+002
  4.5000000e+001  1.5430000e+003  8.8200000e+002
  4.6000000e+001  1.4590000e+003  8.7800000e+002
  4.7000000e+001  1.5480000e+003  9.5100000e+002
  4.8000000e+001  1.4620000e+003  9.4900000e+002
